#ID	transcript_length	peptide_length	Fickett_score	pI	ORF_integrity	coding_probability	label
NC_000002.12:188999860|189004054	486	94	0.37734	8.09991455078	-1	0.078365	noncoding
NC_000017.11:50194129|50194828	315	42	0.40284	10.3062133789	1	0.0290991	noncoding
NC_000019.10:41720921|41727352	374	78	0.40433	12.2260131836	1	0.0950593	noncoding
NC_000019.10:756889|760039	1968	637	0.47701	6.81683349609	-1	0.997851	coding
NC_000006.12:41741795|41742489	248	60	0.43733	11.4043579102	1	0.10874	noncoding
NC_000006.12:41742289|41743389	319	51	0.43334	11.4043579102	-1	0.155299	noncoding
NC_000006.12:41740207|41740610	403	70	0.37289	8.77154541016	1	0.0589167	noncoding
NC_000010.11:88667286|88675657	800	263	0.47854	8.30621337891	-1	0.48018	noncoding
